3.826834323650897717

1.950903220161282678

9.801714032956060199

4.906767432741801425

2.454122852291228803

1.227153828571992607

6.135884649154475359

3.067956762965976270

1.533980186284765612

7.669903187427045269

3.834951875713955890

1.917475973107033074

9.587379909597734587

4.793689960306688454

2.396844980841821872

1.198422490506970642

5.992112452642427842

2.996056226334660750

1.498028113169011228

7.490140565847157211

3.745070282923841239

1.872535141461953448

9.362675707309808279

4.681337853654909269

2.340668926827455275

1.170334463413727718

5.851672317068638690

2.925836158534319357

1.462918079267159680

7.314590396335798404

3.657295198167899202

1.828647599083949601

9.143237995419748006

4.571618997709874003

2.285809498854937001

1.142904749427468500

5.714523747137342504

2.857261873568671252

1.428630936784335626

7.143154683921678130

3.571577341960839065

1.785788670980419532

8.928943354902097662

4.464471677451048831

2.232235838725524415

1.116117919362762207

5.580589596813811039

2.790294798406905519

1.395147399203452759

6.975736996017263798

3.487868498008631899

1.743934249004315949

8.719671245021579748

4.359835622510789874

2.179917811255394937

1.089958905627697468

5.449794528138487342

2.724897264069243671

1.362448632034621835

6.812243160173109178

3.406121580086554589

1.703060790043277294

8.515303950216386473

4.257651975108193236

2.128825987554096618

1.064412993777048309

5.322064968885241545

2.661032484442620772

1.330516242221310386

6.652581211106551932

3.326290605553275966

1.663145302776637983

8.315726513883189915

4.157863256941594957

2.078931628470797478

1.039465814235398739

5.197329071176993697

2.598664535588496848

1.299332267794248424

6.496661338971242121

3.248330669485621060

1.624165334742810530

8.120826673714052651

4.060413336857026325

2.030206668428513162

1.015103334214256581

5.075516671071282907

2.537758335535641453

1.268879167767820726

6.344395838839103634

3.172197919419551817

1.586098959709775908

7.930494798548879542

3.965247399274439771

1.982623699637219885

9.913118498186099428

4.956559249093049714

2.478279624546524857

1.239139812273262428

6.195699061366312142

3.097849530683156071

1.548924765341578035

7.744623826707890178

3.872311913353945089

1.936155956676972544

9.680779783384862723

4.840389891692431361

2.420194945846215680

1.210097472923107840

6.050487364615539201

3.025243682307769600

1.512621841153884800

7.563109205769424002

3.781554602884712001

1.890777301442356000

9.453886507211780002

4.726943253605890001

2.363471626802945000

1.181735813401472500

5.908679067007362501

2.954339533503681250

1.477169766751840625

7.385848833759203127

3.692924416879601563

1.846462208439800781

9.232311042199003909

4.616155521099501954

2.308077760549750977

1.154038880274875488

5.770194401374377443

2.885097200687188721

1.442548600343594360

7.212743001717971804

3.606371500858985902

1.803185750429492951

9.015928752147464755

4.507964376073732377

2.253982188036866188

1.126991094018433094

5.634955470092165471

2.817477735046082735

1.408738867523041367

7.043694337615206839

3.521847168807603419

1.760923584403801709

8.804617922019008549

4.402308961009504274

2.201154480504752137

1.100577240252376068

5.502886201261880343

2.751443100630940171

1.375721550315470085

6.878607751577350429

3.439303875788675214

1.719651937894337607

8.598259689471688036

4.299129844735844018

2.149564922367922009

1.074782461183961004

5.373912305919805023

2.686956152959902511

1.343478076479951255

6.717390382399756278

3.358695191199878139

1.679347595599939069

8.396737977999695348

4.198368988999847674

2.099184494499923837

1.049592247249961918

5.247961236249809592

2.623980618124904796

1.311990309062452398

6.559951545312261991

3.279975772656130995

1.639987886328065497

8.199939431640327488

4.099969715820163744

2.049984857910081872

1.024992428955040936

5.124962144775204680

2.562481072387602340

1.281240536193801170

6.406202680969005850

3.203101340484502925

1.601550670242251462

8.007753351211257313

4.003876675605628656

2.001938337802814328

1.000969168901407164

5.004845844507035820

2.502422922253517910

1.251211461126758955

6.256057305633794776

3.128028652816897388

1.564014326408448694

7.820071632042243470

3.910035816021121735

1.955017908010560867

9.775089540052804337

4.887544770026402168

2.443772385013201084

1.221886192506600542

6.109430962533002710

3.054715481266501355

1.527357740633250677

7.636788703166253388

3.818394351583126694

1.909197175791563347

9.545985878957816735

4.772992939478908367

2.386496469739454183

1.193248234869727091

5.966241174348635459

2.983120587174317729

1.491560293587158864

7.457801467935794324

3.728900733967897162

1.864450366983948581

9.322251834919742906

4.661125917459871453

2.330562958729935726

1.165281479364967863

5.826407396824839316

2.913203698412419658

1.456601849206209829

7.283009246031049145

3.641504623015524572

1.820752311507762286

9.103761557538811431

4.551880778769405715

2.275940389384702857

1.137970194692351428

5.689850973461757144

2.844925486730878572

1.422462743365439286

7.112313716827196431

3.556156858413598215

1.778078429206799107

8.890392146033995538

4.445196073016997769

2.222598036508498884

1.111299018254249442

5.556495091271247211

2.778247545635623605

1.389123772817811802

6.945618864089059014

3.472809432044529507

1.736404716022264753

8.682023580111323768

4.341011790055661884

2.170505895027830942

1.085252947513915471

5.426264737569577355

2.713132368784788677

1.356566184392394338

6.782830921961971694

3.391415460980985847

1.695707730490492923

8.478538652452464617

4.239269326226232308

2.119634663113116154

1.059817331556558077

5.299086657782790385

2.649543328891395192

1.324771664445697596

6.623858322228487982

3.311929161114243991

1.655964580557121995

8.279822902785609978

4.139911451392804989

2.069955725696402494

1.034977862848201247

5.174889314241006236

2.587444657120503118

1.293722328560251559

6.468611642801257795

3.234305821400628897

1.617152910700314448

8.085764553501572244

4.042882276750786122

2.021441138375393061

1.010720569187696530

5.053602845938482652

2.526801422969241326

1.263400711484620663

6.317003557423103315

3.158501778711551657

1.579250889355775828

7.896254446778879144

3.948127223389439572

1.974063611694719786

9.870318058473598930

4.935159029236799465

2.467579514618399732

1.233789757309199866

6.168948786545999331

3.084474393272999665

1.542237196636499832

7.711185983182499164

3.855592991591249582

1.927796495795624791

9.638982478978123956

4.819491239489061978

2.409745619744530989

1.204872809872265494

6.024364049361327472

3.012182024680663736

1.506091012340331868

7.530455061701659340

3.765227530850829670

1.882613765425414835

9.413068827127074175

4.706534413563537087

2.353267206781768543

1.176633603390884271

5.883168016954421359

2.941584008477210679

1.470792004238605339

7.353960021193026699

3.676980010596513349

1.838490005298256674

9.192450026491283374

4.596225013245641687

2.298112506622820843

1.149056253311410421

5.745281266557052109

2.872640633278526054

1.436320316639263027

7.181601583196315136

3.590800791598157568

1.795400395799078784

8.977001978995393920

4.488500989497696960

2.244250494748848480

1.122125247374424240

5.610626236872121200

2.805313118436060600

1.402656559218030300

7.013282796090151500

3.506641398045075750

1.753320699022537875

8.766603495112689375

4.383301747556344687

2.191650873778172343

1.095825436889086171

5.479127184445430859

2.739563592222715429

1.369781796111357714

6.848908980556788574

3.424454490278394287

1.712227245139197143

8.561136225695985718

4.280568112847992859

2.140284056423996429

1.070142028211998214

5.350710141059991074

2.675355070529995537

1.337677535264997768

6.688387676324988842

3.344193838162494421

1.672096919081247210

8.360484595406236053

4.180242297703118026

2.090121148851559013

1.045060574425779506

5.225302872128897533

2.612651436064448766

1.306325718032224383

6.531628590161121916

3.265814295080560958

1.632907147540280479

8.164535737701402395

4.082267868850701197

2.041133934425350598

1.020566967212675299

5.102834836063376497

2.551417418031688248

1.275708709015844124

6.378543545079220621

3.189271772539610310

1.594635886269805155

7.973179431349025777

3.986589715674512888

1.993294857837256444

9.966474289186282221

4.983237144593141110

2.491618572296570555

1.245809286148285277

6.229046430741426388

3.114523215370713194

1.557261607685356597

7.786308038426782985

3.893154019213391492

1.946577009606695746

9.732885048033478731

4.866442524016739365

2.433221262008369682

1.216610631004184841

6.083053155020924207

3.041526577510462103

1.520763288755231051

7.603816443776155259

3.801908221888077629

1.900954110944038814

9.504770554720194073

4.752385277360097036

2.376192638680048518

1.188096319340024259

5.940481596700121296

2.970240798350060648

1.485120399175030324

7.425601995875151620

3.712800997937575810

1.856400498968787905

9.282002494843939525

4.641001247421969762

2.320500623710984881

1.160250311855492440

5.801251559277462203

2.900625779638731101

1.450312889819365550

7.251564449096827754

3.625782224548413877

1.812891112274206938

9.064455561371034692

4.532227780685517346

2.266113890342758673

1.133056945171379336

5.665284725856896682

2.832642362928448341

1.416321181464224170

7.081605907321120853

3.540802953660560426

1.770401476830280213

8.852007384151401067

4.426003692075700533

2.213001846037850266

1.106500923018925133

5.532504615094625666

2.766252307547312833

1.383126153773656416

6.915630768868282083

3.457815384434141041

1.728907692217070520

8.644538461085352604

4.322269230542676302

2.161134615271338151

1.080567307635669075

5.402836538178345377

2.701418269089172688

1.350709134544586344

6.753545672722931722

3.376772836361465861

1.688386418180732930

8.441932090903664652

4.220966045451832326

2.110483022725916163

1.055241511362958081

5.276207556814790408

2.638103778407395204

1.319051889203697602

6.595259446018488010

3.297629723009244005

1.648814861504622002

8.244074307523110012

4.122037153761555006

2.061018576880777503

1.030509288440388751

5.152546442201943757

2.576273221100971878

1.288136610550485939

6.440683052752429697

3.220341526376214848

1.610170763188107424

8.050853815940537121

4.025426907970268560

2.012713453985134280

1.006356726992567140

5.031783634962835701

2.515891817481417850

1.257945908740708925

6.289729543703544626

3.144864771851772313

1.572432385925886156

7.862161929629430782

3.931080964814715391

1.965540482407357695

9.827702412036788478

4.913851206018394239

2.456925603009197119

1.228462801504598559

6.142314007522992799

3.071157003761496399

1.535578501880748199

7.677892509403740998

3.838946254701870499

1.919473127350935249

9.597365636754676248

4.798682818377338124

2.399341409188669062

1.199670704594334531

5.998353522971672655

2.999176761485836327

1.499588380742918163

7.497941903714590819

3.748970951857295409

1.874485475928647704

9.372427379643238524

4.686213689821619262

2.343106844910809631

1.171553422455404815

5.857767112277024077

2.928883556138512038

1.464441778069256019

7.322208890346280096

3.661104445173140048

1.830552222586570024

9.152761112932850121

4.576380556466425060

2.288190278233212530

1.144095139116606265

5.720475695583031325

2.860237847791515662

1.430118923895757831

7.150594619478789157

3.575297309739394578

1.787648654869697289

8.938243274348486446

4.469121637174243223

2.234560818587121611

1.117280409293560805

5.586402046467804029

2.793201023233902014

1.396600511616951007

6.983002558084755036

3.491501279042377518

1.745750639521188759

8.728753197605943795

4.364376598802971897

2.182188299401485948

1.091094149700742974

5.455470748503714872

2.727735374251857436

1.363867687125928718

6.819338435629643590

3.409669217814821795

1.704834608907410897

8.524173044537054487

4.262086522268527243

2.131043261134263621

1.065521630567131810

5.327608152835659054

2.663804076417829527

1.331902038208914763

6.659510191044573818

3.329755095522286909

1.664877547761143454

8.324387738805717273

4.162193869402858636

2.081096934701429318

1.040548467350714659

5.202742336753573295

2.601371168376786647

1.300685584188393323

6.503427920941966619

3.251713960470983309

1.625856980235491654

8.129284901177458274

4.064642450588729137

2.032321225294364568

1.016160612647182284

5.080803063235911421

2.540401531617955710

1.270200765808977855

6.351003829044889276

3.175501914522444638

1.587750957261222319

7.938754786306111596

3.969377393153055798

1.984688696576527899

9.923443482882639495

4.961721741441319747

2.480860870720659873

1.240430435360329936

6.202152176801649684

3.101076088400824842

1.550538044200412421

7.752690221002062105

3.876345110501031052

1.938172555250515526

9.690862776252577632

4.845431388126288816

2.422715694063144408

1.211357847031572204

6.056789235157861020

3.028394617578930510

1.514197308789465255

7.570986543947326275

3.785493271973663137

1.892746635986831568

9.463733179934157843

4.731866589967078921

2.365933294983539460

1.182966647491769730

5.914833237458848652

2.957416618729424326

1.478708309364712163

7.393541546823560815

3.696770773411780407

1.848385386705890203

9.241926933529451019

4.620963466764725509

2.310481733382362754

1.155240866691181377

5.776204333455906887

2.888102166727953443

1.444051083363976721

7.220255416819883608

3.610127708409941804

1.805063854204970902

9.025319271024854511

4.512659635512427255

2.256329817756213627

1.128164908878106813

5.640824544390534069

2.820412272195267034

1.410206136097633517

7.051030680488167586

3.525515340244083793

1.762757670122041896

8.813788350610209483

4.406894175305104741

2.203447087652552370

1.101723543826276185

5.508617719131380927

2.754308859565690463

1.377154429782845231

6.885772148914226158

3.442886074457113079

1.721443037228556539

8.607215186142782698

4.303607593071391349

2.151803796535695674

1.075901898267847837

5.379509491339239186

2.689754745669619593

1.344877372834809796

6.724386864174048983

3.362193432087024491

1.681096716043512245

8.405483580217561229

4.202741790108780614

2.101370895054390307

1.050685447527195153

5.253427237635975768

2.626713618817987884

1.313356809408993942

6.566784047044969710

3.283392023522484855

1.641696011761242427

8.208480058806212137

4.104240029403106068

2.052120014701553034

1.026060007350776517

5.130300036753882586

2.565150018376941293

1.282575009188470646

6.412875045942353232

3.206437522971176616

1.603218761485588308

8.016093807427941540

4.008046903713970770

2.004023451856985385

1.002011725928492692

5.010058629642463463

2.505029314821231731

1.252514657410615865

6.262573287053079328

3.131286643526539664

1.565643321763269832

7.828216608816349161

3.914108304408174580

1.957054152204087290

9.785270761020436451

4.892635380510218225

2.446317690255109112

1.223158845127554556

6.115794225637772782

3.057897112818886391

1.528948556409443195

7.644742782047215977

3.822371391023607988

1.911185695511803994

9.555928477559019972

4.777964238779509986

2.388982119389754993

1.194491059694877496

5.972455298474387482

2.986227649237193741

1.493113824618596870

7.465569123092984353

3.732784561546492176

1.866392280773246088

9.331961403866230441

4.665980701933115220

2.332990350966557610

1.166495175483278805

5.832475877416394025

2.916237938708197012

1.458118969354098506

7.290594846770492532

3.645297423385246266

1.822648711692623133

9.113243558463115665

4.556621779231557832

2.278310889615778916

1.139155444807889458

5.695777224039447290

2.847888612019723645

1.423944306009861822

7.119721530049309113

3.559860765024654556

1.779930382512327278

8.899651912561636392

4.449825956280818196

2.224912978140409098

1.112456489070204549

5.562282445351022745

2.781141222675511372

1.390570611337755686

6.952853056688778431

3.476426528344389215

1.738213264172194607

8.691066320860973039

4.345533160430486519

2.172766580215243259

1.086383290107621629

5.431916450538108149

2.715958225269054074

1.357979112634527037

6.789895563172635186

3.394947781586317593

1.697473890793158796

8.487369453965793983

4.243684726982896991

2.121842363491448495

1.060921181745724247

5.304605908728621239

2.652302954364310619

1.326151477182155309

6.630757385910776549

3.315378692955388274

1.657689346477694137

8.288446732388470687

4.144223366194235343

2.072111683097117671

1.036055841548558835

5.180279207742794179

2.590139603871397089

1.295069801935698544

6.475349009678492724

3.237674504839246362

1.618837252419623181

8.094186262098115905

4.047093131049057952

2.023546565524528976

1.011773282762264488

5.058866413811322440

2.529433206905661220

1.264716603452830610

6.323583017264153051

3.161791508632076525

1.580895754316038262

7.904478771580191313

3.952239385790095656

1.976119692895047828

9.880598464475239142

4.940299232237619571

2.470149616118809785

1.235074808059404892

6.175374040297024463

3.087687020148512231

1.543843510074256115

7.719217550371280579

3.859608775185640289

1.929804387592820144

9.649021937964100724

4.824510968982050362

2.412255484491025181

1.206127742245512590

6.030638711227562953

3.015319355613781476

1.507659677806890738

7.538298389034453691

3.769149194517226845

1.884574597258613422

9.422872986293067114

4.711436493146533557

2.355718246573266778

1.177859123286633389

5.889295616433166946

2.944647808216583473

1.472323904108291736

7.361619520541458682

3.680809760270729341

1.840404880135364670

9.202024400676823353

4.601012200338411676

2.300506100169205838

1.150253050084602919

5.751265250423014595

2.875632625211507297

1.437816312605753648

7.189081563028768244

3.594540781514384122

1.797270390757192061

8.986351953785960306

4.493175976892980153

2.246587988446490076

1.123293994223245038

5.616469971116225191

2.808234985558112595

1.404117492779056297

7.020587463895281489

3.510293731947640744

1.755146865973820372

8.775734329869101861

4.387867164934550930

2.193933582467275465

1.096966791233637732

5.484833956168188663

2.742416978084094331

1.371208489042047165

6.856042445210235829

3.428021222605117914

1.714010611302558957

8.570053056512794786

4.285026528256397393

2.142513264128198696

1.071256632064099348

5.356283160320496741

2.678141580160248370

1.339070790080124185

6.695353950400620927

3.347676975200310463

1.673838487600155231

8.369192438000776158

4.184596219000388079

2.092298109500194039

1.046149054750097019

5.230745273750485099

2.615372636875242549

1.307686318437621274

6.538431592188106374

3.269215796094053187

1.634607898047026593

8.173039490235132967

4.086519745117566483

2.043259872558783241

1.021629936279391620

5.108149681396958104

2.554074840698479052

1.277037420349239526

6.385187101746197630

3.192593550873098815

1.596296775436549407

7.981483877182747038

3.990741938591373519

1.995370969295686759

9.976854846478433798

4.988427423239216899

2.494213711619608449

1.247106855809804224

6.235534279049021123

3.117767139524510561

1.558883569762255280

7.794417848811276404

3.897208924405638202

1.948604462202819101

9.743022311014095506

4.871511155507047753

2.435755577753523876

1.217877788876761938

6.089388944383809691

3.044694472191904845

1.522347236095952422

7.611736180479762114

3.805868090239881057

1.902934045119940528

9.514670225599702642

4.757335112799851321

2.378667556399925660

1.189333778199962830

5.946668890999814151

2.973334445499907075

1.486667222749953537

7.433336113749767689

3.716668056874883844

1.858334028437441922

9.291670142187209612

4.645835071093604806

2.322917535546802403

1.161458767773401201

5.807293838867006007

2.903646919433503003

1.451823459716751501

7.259117298583757509

3.629558649291878754

1.814779324645939377

9.073896623229696886

4.536948311614848443

2.268474155807424221

1.134237077903712110

5.671185389518560554

2.835592694759280277

1.417796347379640138

7.088981736898200692

3.544490868449100346

1.772245434224550173

8.861227171122750866

4.430613585561375433

2.215306792780687716

1.107653396390343858

5.538266981951719291

2.769133490975859645

1.384566745487929822

6.922833727439649114

3.461416863719824557

1.730708431859912278

8.653542159299561392

4.326771079649780696

2.163385539824890348

1.081692769912445174

5.408463849562225870

2.704231924781112935

1.352115962390556467

6.760579811952782337

3.380289905976391168

1.690144952988195584

8.450724764940977922

4.225362382470488961

2.112681191235244480

1.056340595617622240

5.281702978088111201

2.640851489044055600

1.320425744522027800

6.602128722610139001

3.301064361305069500

1.650532180652534750

8.252660903262673752

4.126330451631336876

2.063165225815668438

1.031582612907834219

5.157913064539171095

2.578956532269585547

1.289478266134792773

6.447391330673963869

3.223695665336981934

1.611847832668490967

8.059239163342454836

4.029619581671227418

2.014809790835613709

1.007404895417806854

5.037024477089034272

2.518512238544517136

1.259256119272258568

6.296280596361292840

3.148140298180646420

1.574070149090323210

7.870350745451616051

3.935175372725808025

1.967587686362904012

9.837938431814520063

4.918969215907260031

2.459484607953630015

1.229742303976815007

6.148711519884075039

3.074355759942037519

1.537177879971018759

7.685889399855093799

3.842944699927546899

1.921472349963773449

9.607361749818867249

4.803680874909433624

2.401840437454716812

1.200920218727358406

6.004601093636792031

3.002300546818396015

1.501150273409198007

7.505751367045990038

3.752875683522995019

1.876437841761497509

9.382189208807487548

4.691094604403743774

2.345547302201871887

1.172773651100935943

5.863868255504679717

2.931934127752339858

1.465967063876169929

7.329835319380849647

3.664917659690424823

1.832458829845212411

9.162294149226062059

4.581147074613031029

2.290573537306515514

1.145286768653257757

5.726433843266288787

2.863216921633144393

1.431608460816572196

7.158042304082860983

3.579021152041430491

1.789510576020715245

8.947552880103576229

4.473776440051788114

2.236888220025894057

1.118444110012947028

5.592220550064735143

2.796110275032367571

1.398055137516183785

6.990275687580918929

3.495137843790459464

1.747568921895229732

8.737844609476148661

4.368922304738074330

2.184461152369037165

1.092230576184518582

5.461152880922592913

2.730576440461296456

1.365288220230648228

6.826441101153241142

3.413220550576620571

1.706610275288310285

8.533051376441551427

4.266525688220775713

2.133262844110387856

1.066631422055193928

5.333157110275969642

2.666578555137984821

1.333289277568992410

6.666446387844962052

3.333223193922481026

1.666611596961240513

8.333057984806202566

4.166528992403101283

2.083264496201550641

1.041632248100775320

5.208161240503876603

2.604080620251938301

1.302040310125969150

6.510201550629845754

3.255100775314922877

1.627550387657461438

8.137751938287307193

4.068875969143653596

2.034437984571826798

1.017218992285913399

5.086094961429566995

2.543047480714783497

1.271523740357391748

6.357618701786958744

3.178809350893479372

1.589404675446739686

7.947023377233698431

3.973511688616849215

1.986755844308424607

9.933779221542123038

4.966889610771061519

2.483444805385530759

1.241722402692765379

6.208612013463826899

3.104306006731913449

1.552153003365956724

7.760765016829783624

3.880382508414891812

1.940191254207445906

9.700956271037229530

4.850478135518614765

2.425239067759307382

1.212619533879653691

6.063097669398268456

3.031548834699134228

1.515774417349567114

7.578872086747835570

3.789436043373917785

1.894718021686958892

9.473590108434794463

4.736795054217397231

2.368397527108698615

1.184198763554349307

5.920993817771746539

2.960496908885873269

1.480248454442936634

7.401242272214683174

3.700621136107341587

1.850310568053670793

9.251552840268353967

4.625776420134176983

2.312888210067088491

1.156444105033544245

5.782220525167721229

2.891110262583860614

1.445555131291930307

7.227775656459651537

3.613887828229825768

1.806943914114912884

9.034719570574564421

4.517359785287282210

2.258679892643641105

1.129339946321820552

5.646699731609102763

2.823349865804551381

1.411674932902275690

7.058374664511378454

3.529187332255689227

1.764593666127844613

8.822968330639223068

4.411484165319611534

2.205742082659805767

1.102871041329902883

5.514355206649514417

2.757177603324757208

1.378588801662378604

6.892944008311893021

3.446472004155946510

1.723236002077973255

8.616180010389866277

4.308090005194933138

2.154045002597466569

1.077022501298733284

5.385112506493666423

2.692556253246833211

1.346278126623416605

6.731390633117083029

3.365695316558541514

1.682847658279270757

8.414238291396353786

4.207119145698176893

2.103559572849088446

1.051779786424544223

5.258898932122721116

2.629449466061360558

1.314724733030680279

6.573623665153401395

3.286811832576700697

1.643405916288350348

8.217029581441751744

4.108514790720875872

2.054257395360437936

1.027128697680218968

5.135643488401094840

2.567821744200547420

1.283910872100273710

6.419554360501368550

3.209777180250684275

1.604888590125342137

8.024442950626710688

4.012221475313355344

2.006110737656677672

1.003055368828338836

5.015276844141694180

2.507638422070847090

1.253819211035423545

6.269096055177117725

3.134548027588558862

1.567274013794279431

7.836370068971397156

3.918185034485698578

1.959092517242849289

9.795462586214246445

4.897731293107123222

2.448865646553561611

1.224432823276780805

6.122164116383904028

3.061082058191952014

1.530541029095976007

7.652705145479880035

3.826352572739940017

1.913176286369970008

9.565881431849850044

4.782940715924925022

2.391470357962462511

1.195735178981231255

5.978675894906156277

2.989337947453078138

1.494668973726539069

7.473344868632695347

3.736672434316347673

1.868336217158173836

9.341681085790869183

4.670840542895434591

2.335420271447717295

1.167710135723858647

5.838550678619293239

2.919275339309646619

1.459637669654823309

7.298188348274116549

3.649094174137058274

1.824547087068529137

9.122735435342645687

4.561367717671322843

2.280683858835661421

1.140341929417830710

5.701709647089153554

2.850854823544576777

1.425427411772288388

7.127137058861441943

3.563568529430720971

1.781784264715360485

8.908921323576802429

4.454460661788401214

2.227230330894200607

1.113615165447100303

5.568075827235501518

2.784037913617750759

1.392018956808875379

6.960094784044376897

3.480047392022188448

1.740023696011094224

8.700118480055471122

4.350059240027735561

2.175029620013867780

1.087514810006933890

5.437574050034669451

2.718787025017334725

1.359393512508667362

6.796967562543336814

3.398483781271668407

1.699241890635834203

8.496209453179171017

4.248104726589585508

2.124052363294792754

1.062026181647396377

5.310130908236981886

2.655065454118490943

1.327532727059245471

6.637663635296227357

3.318831817648113678

1.659415908824056839

8.297079544120284197

4.148539772060142098

2.074269886030071049

1.037134943015035524

5.185674715075177623

2.592837357537588811

1.296418678768794405

6.482093393843972028

3.241046696921986014

1.620523348460993007

8.102616742304965036

4.051308371152482518

2.025654185576241259

1.012827092788120629

5.064135463940603147

2.532067731970301573

1.266033865985150786

6.330169329925753934

3.165084664962876967

1.582542332481438483

7.912711662407192418

3.956355831203596209

1.978177915601798104

9.890889578008990522

4.945444789004495261

2.472722394502247630

1.236361197251123815

6.181805986255619076

3.090902993127809538

1.545451496563904769

7.727257482819523845

3.863628741409761922

1.931814370704880961

9.659071853524404807

4.829535926762202403

2.414767963381101201

1.207383981690550600

6.036919908452753004

3.018459954226376502

1.509229977113188251

7.546149885565941255

3.773074942782970627

1.886537471391485313

9.432687356957426569

4.716343678478713284

2.358171839239356642

1.179085919619678321

5.895429598098391606

2.947714799049195803

1.473857399524597901

7.369286997622989507

3.684643498811494753

1.842321749405747376

9.211608747028736884

4.605804373514368442

2.302902186757184221

1.151451093378592110

5.757255466892960552

2.878627733446480276

1.439313866723240138

7.196569333616200690

3.598284666808100345

1.799142333404050172

8.995711667020250863

4.497855833510125431

2.248927916755062715

1.124463958377531357

5.622319791887656789

2.811159895943828394

1.405579947971914197

7.027899739859570987

3.513949869929785493

1.756974934964892746

8.784874674824463734

4.392437337412231867

2.196218668706115933

1.098109334353057966

5.490546671765289833

2.745273335882644916

1.372636667941322458

6.863183339706612292

3.431591669853306146

1.715795834926653073

8.578979174633265365

4.289489587316632682

2.144744793658316341

1.072372396829158170

5.361861984145790853

2.680930992072895426

1.340465496036447713

6.702327480182238566

3.351163740091119283

1.675581870045559641

8.377909350227798208

4.188954675113899104

2.094477337556949552

1.047238668778474776

5.236193343892373880

2.618096671946186940

1.309048335973093470

6.545241679865467350

3.272620839932733675

1.636310419966366837

8.181552099831834187

4.090776049915917093

2.045388024957958546

1.022694012478979273

5.113470062394896367

2.556735031197448183

1.278367515598724091

6.391837577993620459

3.195918788996810229

1.597959394498405114

7.989796972492025574

3.994898486246012787

1.997449243123006393

9.987246215615031967

4.993623107807515983

2.496811553903757991

1.248405776951878995

6.242028884759394979

3.121014442379697489

1.560507221189848744

7.802536105949243724

3.901268052974621862

1.950634026487310931

9.753170132436554655

4.876585066218277327

2.438292533109138663

1.219146266554569331

6.095731332772846659

3.047865666386423329

1.523932833193211664

7.619664165966058324

3.809832082983029162

1.904916041491514581

9.524580207457572906

4.762290103728786453

2.381145051864393226

1.190572525932196613

5.952862629660983066

2.976431314830491533

1.488215657415245766

7.441078287076228832

3.720539143538114416

1.860269571769057208

9.301347858845286041

4.650673929422643020

2.325336964711321510

1.162668482355660755

5.813342411778303775

2.906671205889151887

1.453335602944575943

7.266678014722879719

3.633339007361439859

1.816669503680719929

9.083347518403599649

4.541673759201799824

2.270836879600899912

1.135418439800449956

5.677092199002249780

2.838546099501124890

1.419273049750562445

7.096365248752812226

3.548182624376406113

1.774091312188203056

8.870456560941015282

4.435228280470507641

2.217614140235253820

1.108807070117626910

5.544035350588134551

2.772017675294067275

1.386008837647033637

6.930044188235168189

3.465022094117584094

1.732511047058792047

8.662555235293960237

4.331277617646980118

2.165638808823490059

1.082819404411745029

5.414097022058725148

2.707048511029362574

1.353524255514681287

6.767621277573406435

3.383810638786703217

1.691905319393351608

8.459526596966758043

4.229763298483379021

2.114881649241689510

1.057440824620844755

5.287204123104223777

2.643602061552111888

1.321801030776055944

6.609005153880279721

3.304502576940139860

1.652251288470069930

8.261256442350349652

4.130628221175174826

2.065314110587587413

1.032657055293793706

5.163285276468968532

2.581642638234484266

1.290821319117242133

6.454106595586210665

3.227053297793105332

1.613526648896552666

8.067633244482763332

4.033816622241381666

2.016908311120690833

1.008454155560345416

5.042270777801727082

2.521135388900863541

1.260567694450431770

6.302838472252158853

3.151419236126079426

1.575709618063039713

7.878548090315198566

3.939274045157599283

1.969637022578799641

9.848185112893998208

4.924092556446999104

2.462046278223499552

1.231023139111749776

6.155115695558748880

3.077557847779374440

1.538778923889687220

7.693894619448436100

3.846947309724218050

1.923473654862109025

9.617368274310545125

4.808684137155272562

2.404342068577636281

1.202171034288818140

6.010855171444090703

3.005427585722045351

1.502713792861022675

7.513568964305113379

3.756784482152556689

1.878392241076278344

9.391961205381391724

4.695980602690695862

2.347990301345347931

1.173995150672673965

5.869975753363369827

2.934987876681684913

1.467493938340842456

7.337469691704212284

3.668734845852106142

1.834367422926053071

9.171837114630265355

4.585918557315132677

2.292959278657566338

1.146479639328783169

5.732398196643915847

2.866199098321957923

1.433099549160978961

7.165497745804894808

3.582748872902447404

1.791374436451223702

8.956872182256118511

4.478436091128059255

2.239218045564029627

1.119609022782014813

5.598045113910074069

2.799022556955037034

1.399511278477518517

6.997556392387592586

3.498778196193796293

1.749389098096898146

8.746945490484490733

4.373472745242245366

2.186736372621122683

1.093368186310561341

5.466840931552806708

2.733420465776403354

1.366710232888201677

6.833551164441008385

3.416775582220504192

1.708387791110252096

8.541938955551260482

4.270969477775630241

2.135484738887815120

1.067742369443907560

5.338711847219537801

2.669355923609768900

1.334677961804884450

6.673389809024422251

3.336694904512211125

1.668347452256105562

8.341737261280527814

4.170868630640263907

2.085434315320131953

1.042717157660065976

5.213585788300329884

2.606792894150164942

1.303396447075082471

6.516982235375412355

3.258491117687706177

1.629245558843853088

8.146227794219265443

4.073113897109632721

2.036556948554816360

1.018278474277408180

5.091392371387040902

2.545696185693520451

1.272848092846760225

6.364240464233801128

3.182120232116900564

1.591060116058450282

7.955300580292251410

3.977650290146125705

1.988825145073062852

9.944125725365314262

4.972062862682657131

2.486031431341328565

1.243015715670664282

6.215078578353321414

3.107539289176660707

1.553769644588330353

7.768848222941651767

3.884424111470825883

1.942212055735412941

9.711060278677064709

4.855530139338532354

2.427765069669266177

1.213882534834633088

6.069412674173165443

3.034706337086582721

1.517353168543291360

7.586765842716456804

3.793382921358228402

1.896691460679114201

9.483457303395571005

4.741728651697785502

2.370864325848892751

1.185432162924446375

5.927160814622231878

2.963580407311115939

1.481790203655557969

7.408951018277789847

3.704475509138894923

1.852237754569447461

9.261188772847237309

4.630594386423618654

2.315297193211809327

1.157648596605904663

5.788242983029523318

2.894121491514761659

1.447060745757380829

7.235303728786904148

3.617651864393452074

1.808825932196726037

9.044129660983630185

4.522064830491815092

2.261032415245907546

1.130516207622953773

5.652581038114768865

2.826290519057384432

1.413145259528692216

7.065726297643461082

3.532863148821730541

1.766431574410865270

8.832157872054326353

4.416078936027163176

2.208039468013581588

1.104019734006790794

5.520098670033953970

2.760049335016976985

1.380024667508488492

6.900123337542442463

3.450061668771221231

1.725030834385610615

8.625154171928053079

4.312577085964026539

2.156288542982013269

1.078144271491006634

5.390721357455033174

2.695360678727516587

1.347680339363758293

6.738401696818791468

3.369200848409395734

1.684600424204697867

8.423002121023489335

4.211501060511744667

2.105750530255872333

1.052875265127936166

5.264376325639680834

2.632188162819840417

1.316094081409920208

6.580470407049601043

3.290235203524800521

1.645117601762400260

8.225588008812001303

4.112794004406000651

2.056397002203000325

1.028198501101500162

5.140992505507500814

2.570496252753750407

1.285248126376875203

6.426240631884376018

3.213120315942188009

1.606560157971094004

8.032800789855470023

4.016400394927735011

2.008200197463867505

1.004100098731933752

5.020500493659668764

2.510250246829834382

1.255125123414917191

6.275625617074585955

3.137812808537292977

1.568906404268646488

7.844532021343232444

3.922266010671616222

1.961133005335808111

9.805665026679040555

4.902832513339520277

2.451416256669760138

1.225708128334880069

6.128540641674400347

3.064270320837200173

1.532135160418600086

7.660675802093000434

3.830337901046500217

1.915168950523250108

9.575844752616250542

4.787922376308125271

2.393961188154062635

1.196980594077031317

5.984902970385156589

2.992451485192578294

1.496225742596289147

7.481128712981445736

3.740564356490722868

1.870282178245361434

9.351410891226807170

4.675705445613403585

2.337852722806701792

1.168926361403350896

5.844631807016754481

2.922315903508377240

1.461157951754188620

7.305789758770943102

3.652894879385471551

1.826447439692735775

9.132237198463678877

4.566118599231839438

2.283059299615919719

1.141529649807959859

5.707648249039799298

2.853824124519899649

1.426912062259949824

7.134560311299749123

3.567280155649874561

1.783640077824937280

8.918200389124686403

4.459100194562343201

2.229550097281171600

1.114775048640585800

5.573875243202929002

2.786937621601464501

1.393468810800732250

6.967344054003661252

3.483672027001830626

1.741836013500915313

8.709180067504576566

4.354590033752288283

2.177295016876144141

1.088647508438072070

5.443237542190360353

2.721618771095180176

1.360809385547590088

6.804046927737950442

3.402023463868975221

1.701011731934487610

8.505058659672438052

4.252529329836219026

2.126264664918109513

1.063132332459054756

5.315661662295273783

2.657830831147636891

1.328915415573818445

6.644577077869092228

3.322288538934546114

1.661144269467273057

8.305721347336365286

4.152860673668182643

2.076430336834091321

1.038215168417045660

5.191075842085228303

2.595537921042614151

1.297768960521307075

6.488844802606535379

3.244422401303267689

1.622211200651633844

8.111056003258169224

4.055528001629084612

2.027764000814542306

1.013882000407271153

5.069410002036355765

2.534705001018177882

1.267352500509088941

6.336762502545444706

3.168381251272722353

1.584190625636361176

7.920953128181805883

3.960476564090902941

1.980238282045451470

9.901191410227257354

4.950595705113628677

2.475297852556814338

1.237648926278407169

6.188244631392035846

3.094122315696017923

1.547061157848008961

7.735305789240044808

3.867652894620022404

1.933826447310011202

9.669132236550056010

4.834566118275028005

2.417283059137514002

1.208641529568757001

6.043207647843785006

3.021603823921892503

1.510801911960946251

7.554009559804731257

3.777004779902365628

1.888502389951182814

9.442511949755914072

4.721255974877957036

2.360627987438978518

1.180313993719489259

5.901569968597446295

2.950784984298723147

1.475392492149361573

7.376962460746807869

3.688481230373403934

1.844240615186701967

9.221203075933509836

4.610601537966754918

2.305300768983377459

1.152650384491688729

5.763251922458443647

2.881625961229221823

1.440812980614610911

7.204064903073054559

3.602032451536527279

1.801016225768263639

9.005081128841318199

4.502540564420659099

2.251270282210329549

1.125635141105164774

5.628175705525823874

2.814087852762911937

1.407043926381455968

7.035219631907279843

3.517609815953639921

1.758804907976819960

8.794024539884099804

4.397012269942049902

2.198506134971024951

1.099253067485512475

5.496265337427562377

2.748132668713781188

1.374066334356890594

6.870331671784452972

3.435165835892226486

1.717582917946113243

8.587914589730566215

4.293957294865283107

2.146978647432641553

1.073489323716320776

5.367446618581603884

2.683723309290801942

1.341861654645400971

6.709308273227004855

3.354654136613502427

1.677327068306751213

8.386635341533756069

4.193317670766878034

2.096658835383439017

1.048329417691719508

5.241647088458597543

2.620823544229298771

1.310411772114649385

6.552058860573246929

3.276029430286623464

1.638014715143311732

8.190073575716558661

4.095036787858279330

2.047518393929139665

1.023759196964569832

5.118795984822849163

2.559397992411424581

1.279698996205712290

6.398494981028561454

3.199247490514280727

1.599623745257140363

7.998118726285701817

3.999059363142850908

1.999529681571425454

9.997648407857127272

4.998824203928563636

2.499412101964281818

1.249706050982140909

6.248530254910704545

3.124265127455352272

1.562132563727676136

7.810662818638380681

3.905331409319190340

1.952665704659595170

9.763328523297975851

4.881664261648987925

2.440832130824493962

1.220416065412246981

6.102080327061234907

3.051040163530617453

1.525520081765308726

7.627600408826543634

3.813800204413271817

1.906900102206635908

9.534500511033179542

4.767250255516589771

2.383625127758294885

1.191812563879147442

5.959062819395737214

2.979531409697868607

1.489765704848934303

7.448828524244671517

3.724414262122335758

1.862207131061167879

9.311035655305839397

4.655517827652919698

2.327758913826459849

1.163879456913229924

5.819397284566149623

2.909698642283074811

1.454849321141537405

7.274246605707687029

3.637123302853843514

1.818561651426921757

9.092808257134608786

4.546404128567304393

2.273202064283652196

1.136601032141826098

5.683005160709130491

2.841502580354565245

1.420751290177282622

7.103756450886413114

3.551878225443206557

1.775939112721603278

8.879695563608016393

4.439847781804008196

2.219923890902004098

1.109961945451002049

5.549809727255010245

2.774904863627505122

1.387452431813752561

6.937262159068762807

3.468631079534381403

1.734315539767190701

8.671577698835953508

4.335788849417976754

2.167894424708988377

1.083947212354494188

5.419736061772470943

2.709868030886235471

1.354934015443117735

6.774670077215588678

3.387335038607794339

1.693667519303897169

8.468337596519485848

4.234168798259742924

2.117084399129871462

1.058542199564935731

5.292710997824678655

2.646355498912339327

1.323177749456169663

6.615888747280848319

3.307944373640424159

1.653972186820212079

8.269860934101060398

4.134930467050530199

2.067465233525265099

1.033732616762632549

5.168663083813162749

2.584331541906581374

1.292165770953290687

6.460828854766453436

3.230414427383226718

1.615207213691613359

8.076036068458066795

4.038018034229033397

2.019009017114516698

1.009504508557258349

5.047522542786291747

2.523761271393145873

1.261880635696572936

6.309403178482864684

3.154701589241432342

1.577350794620716171

7.886753973103580855

3.943376986551790427

1.971688493275895213

9.858442466379476069

4.929221233189738034

2.464610616594869017

1.232305308297434508

6.161526541487172543

3.080763270743586271

1.540381635371793135

7.701908176858965678

3.850954088429482839

1.925477044214741419

9.627385221073707098

4.813692610536853549

2.406846305268426774

1.203423152634213387

6.017115763171066936

3.008557881585533468

1.504278940792766734

7.521394703963833670

3.760697351981916835

1.880348675990958417

9.401743379954792088

4.700871689977396044

2.350435844988698022

1.175217922494349011

5.876089612471745055

2.938044806235872527

1.469022403117936263

7.345112015589681319

3.672556007794840659

1.836278003897420329

9.181390019487101649

4.590695009743550824

2.295347504871775412

1.147673752435887706

5.738368762179438530

2.869184381089719265

1.434592190544859632

7.172960952724298163

3.586480476362149081

1.793240238181074540

8.966201190905372704

4.483100595452686352

2.241550297726343176

1.120775148863171588

5.603875744315857940

2.801937872157928970

1.400968936078964485

7.004844680394822425

3.502422340197411212

1.751211170098705606

8.756055850493528031

4.378027925246764015

2.189013962623382007

1.094506981311691003

5.472534906558455019

2.736267453279227509

1.368133726639613754

6.840668633198068774

3.420334316599034387

1.710167158299517193

8.550835791497585968

4.275417895748792984

2.137708947874396492

1.068854473937198246

5.344272369685991230

2.672136184842995615

1.336068092421497807

6.680340462107489037

3.340170231053744518

1.670085115526872259

8.350425577634361296

4.175212788817180648

2.087606394408590324

1.043803197204295162

5.219015986021475810

2.609507993010737905

1.304753996505368952

6.523769982526844763

3.261884991263422381

1.630942495631711190

8.154712478158555954

4.077356239079277977

2.038678119539638988

1.019339059769819494

5.096695298849097471

2.548347649424548735

1.274173824712274367

6.370869123561371839

3.185434561780685919

1.592717280890342959

7.963586404451714798

3.981793202225857399

1.990896601112928699

9.954483005564643498

4.977241502782321749

2.488620751391160874

1.244310375695580437

6.221551878477902186

3.110775939238951093

1.555387969619475546

7.776939848097377733

3.888469924048688866

1.944234962024344433

9.721174810121722166

4.860587405060861083

2.430293702530430541

1.215146851265215270

6.075734256326076354

3.037867128163038177

1.518933564081519088

7.594667820407595442

3.797333910203797721

1.898666955101898860

9.493334775509494303

4.746667387754747151

2.373333693877373575

1.186666846938686787

5.933334234693433939

2.966667117346716969

1.483333558673358484

7.416667793366792424

3.708333896683396212

1.854166948341698106

9.270834741708490530

4.635417370854245265

2.317708685427122632

1.158854342713561316

5.794271713567806581

2.897135856783903290

1.448567928391951645

7.242839641959758227

3.621419820979879113

1.810709910489939556

9.053549552449697783

4.526774776224848891

2.263387388112424445

1.131693694056212222

5.658468470281061114

2.829234235140530557

1.414617117570265278

7.073085587851326393

3.536542793925663196

1.768271396962831598

8.841356984814157992

4.420678492407078996

2.210339246203539498

1.105169623101769749

5.525848115508848745

2.762924057754424372

1.381462028877212186

6.907310144386060931

3.453655072193030465

1.726827536096515232

8.634137680482576164

4.317068840241288082

2.158534420120644041

1.079267210060322020

5.396336050301610102

2.698168025150805051

1.349084012575402525

6.745420062877012628

3.372710031438506314

1.686355015719253157

8.431775078596265785

4.215887539298132892

2.107943769649066446

1.053971884824533223

5.269859424122666115

2.634929712061333057

1.317464856030666528

6.587324280153332644

3.293662140076666322

1.646831070038333161

8.234155350191665805

4.117077675095832902

2.058538837547916451

1.029269418773958225

5.146347093869791128

2.573173546934895564

1.286586773467447782

6.432933867337238910

3.216466933668619455

1.608233466834309727

8.041167334171548638

4.020583667085774319

2.010291833542887159

1.005145916771443579

5.025729583857217899

2.512864791928608949

1.256432395964304474

6.282161979821522373

3.141080989910761186

1.570540494955380593

7.852702474776902967

3.926351237388451483

1.963175618694225741

9.815878093471128709

4.907939046735564354

2.453969523367782177

1.226984761683891088

6.134923808419455443

3.067461904209727721

1.533730952104863860

7.668654760524319304

3.834327380262159652

1.917163690131079826

9.585818450655399130

4.792909225327699565

2.396454612663849782

1.198227306331924891

5.991136531659624456

2.995568265829812228

1.497784132914906114

7.488920664574530570

3.744460332287265285

1.872230166143632642

9.361150830718163212

4.680575415359081606

2.340287707679540803

1.170143853839770401

5.850719269198852008

2.925359634599426004

1.462679817299713002

7.313399086498565010

3.656699543249282505

1.828349771624641252

9.141748858123206262

4.570874429061603131

2.285437214530801565

1.142718607265400782

5.713593036327003914

2.856796518163501957

1.428398259081750978

7.141991295408754892

3.570995647704377446

1.785497823852188723

8.927489119260943615

4.463744559630471807

2.231872279815235903

1.115936139907617951

5.579680699538089759

2.789840349769044879

1.394920174884522439

6.974600874422612199

3.487300437211306099

1.743650218605653049

8.718251093028265249

4.359125546514132624

2.179562773257066312

1.089781386628533156

5.448906933142665781

2.724453466571332890

1.362226733285666445

6.811133666428332226

3.405566833214166113

1.702783416607083056

8.513917083035415283

4.256958541517707641

2.128479270758853820

1.064239635379426910

5.321198176897134551

2.660599088448567275

1.330299544224283637

6.651497721121418189

3.325748860560709094

1.662874430280354547

8.314372151401772737

4.157186075700886368

2.078593037850443184

1.039296518925221592

5.196482594626107960

2.598241297313053980

1.299120648656526990

6.495603243282634951

3.247801621641317475

1.623900810820658737

8.119504054103293688

4.059752027051646844

2.029876013525823422

1.014938006762911711

5.074690033814558555

2.537345016907279277

1.268672508453639638

6.343362542268198194

3.171681271134099097

1.585840635567049548

7.929203177835247743

3.964601588917623871

1.982300794458811935

9.911503972294059678

4.955751986147029839

2.477875993073514919

1.238937996536757459

6.194689982683787299

3.097344991341893649

1.548672495670946824

7.743362478354734124

3.871681239177367062

1.935840619588683531

9.679203097943417655

4.839601548971708827

2.419800774485854413

1.209900387242927206

6.049501936214636034

3.024750968107318017

1.512375484053659008

7.561877420268295043

3.780938710134147521

1.890469355067073760

9.452346775335368803

4.726173387667684401

2.363086693833842200

1.181543346916921100

5.907716734584605502

2.953858367292302751

1.476929183646151375

7.384645918230756877

3.692322959115378438

1.846161479557689219

9.230807397788446097

4.615403698894223048

2.307701849447111524

1.153850924723555762

5.769254623617778810

2.884627311808889405

1.442313655904444702

7.211568279522223513

3.605784139761111756

1.802892069880555878

9.014460349402779392

4.507230174701389696

2.253615087350694848

1.126807543675347424

5.634037718376737120

2.817018859188368560

1.408509429594184280

7.042547147970921400

3.521273573985460700

1.760636786992730350

8.803183934963651750

4.401591967481825875

2.200795983740912937

1.100397991870456468

5.501989959352282343

2.750994979676141171

1.375497489838070585

6.877487449190352929

3.438743724595176464

1.719371862297588232

8.596859311487941162

4.298429655743970581

2.149214827871985290

1.074607413935992645

5.373037069679963226

2.686518534839981613

1.343259267419990806

6.716296337099954032

3.358148168549977016

1.679074084274988508

8.395370421374942541

4.197685210687471270

2.098842605343735635

1.049421302671867817

5.247106513359339088

2.623553256679669544

1.311776628339834772

6.558883141699173860

3.279441570849586930

1.639720785424793465

8.198603927123967325

4.099301963561983662

2.049650981780991831

1.024825490890495915

5.124127454452479578

2.562063727226239789

1.281031863613119894

6.405159318065599472

3.202579659032799736

1.601289829516399868

8.006449147581999341

4.003224573790999670

2.001612286895499835

1.000806143447749917

5.004030717238749588

2.502015358619374794

1.251007679309687397

6.255038396548436985

3.127519198274218492

1.563759599137109246

7.818797995685546231

3.909398997842773115

1.954699498921386557

9.773497494606932789

4.886748747303466394

2.443374373651733197

1.221687186825866598

6.108435934129332993

3.054217967064666496

1.527108983532333248

7.635544917661666241

3.817772458830833120

1.908886229415416560

9.544431147077082802

4.772215573538541401

2.386107786769270700

1.193053893384635350

5.965269466923176751

2.982634733461588375

1.491317366730794187

7.456586833653970939

3.728293416826985469

1.864146708413492734

9.320733542067463674

4.660366771033731837

2.330183385516865918

1.165091692758432959

5.825458463792164796

2.912729231896082398

1.456364615948041199

7.281823079740205995

3.640911539870102997

1.820455769935051498

9.102278849675257494

4.551139424837628747

2.275569712418814373

1.137784856209407186

5.688924281047035933

2.844462140523517966

1.422231070261758983

7.111155351308794917

3.555577675654397458

1.777788837827198729

8.888944189135993646

4.444472094567996823

2.222236047283998411

1.111118023641999205

5.555590118209996029

2.777795059104998014

1.388897529552499007

6.944487647762495036

3.472243823881247518

1.736121911940623759

8.680609559703118795

4.340304779851559397

2.170152389925779698

1.085076194962889849

5.425380974814449247

2.712690487407224623

1.356345243703612311

6.781726218518061559

3.390863109259030779

1.695431554629515389

8.477157773147576948

4.238578886573788474

2.119289443286894237

1.059644721643447118

5.298223608217235593

2.649111804108617796

1.324555902054308898

6.622779510271544491

3.311389755135772245

1.655694877567886122

8.278474387839430614

4.139237193919715307

2.069618596959857653

1.034809298479928826

5.174046492399644133

2.587023246199822066

1.293511623099911033

6.467558115499555167

3.233779057749777583

1.616889528874888791

8.084447644374443959

4.042223822187221979

2.021111911093610989

1.010555955546805494

5.052779777734027474

2.526389888867013737

1.263194944433506868

6.315974722167534343

3.157987361083767171

1.578993680541883585

7.894968402709417928

3.947484201354708964

1.973742100677354482

9.868710503386772410

4.934355251693386205

2.467177625846693102

1.233588812923346551

6.167944064616732756

3.083972032308366378

1.541986016154183189

7.709930080770915946

3.854965040385457973

1.927482520192728986

9.637412600963644932

4.818706300481822466

2.409353150240911233

1.204676575120455616

6.023382875602278082

3.011691437801139041

1.505845718900569520

7.529228594502847603

3.764614297251423801

1.882307148625711900

9.411535743128559504

4.705767871564279752

2.352883935782139876

1.176441967891069938

5.882209839455349690

2.941104919727674845

1.470552459863837422

7.352762299319187112

3.676381149659593556

1.838190574829796778

9.190952874148983891

4.595476437074491945

2.297738218537245972

1.148869109268622986

5.744345546343114931

2.872172773171557465

1.436086386585778732

7.180431932928893664

3.590215966464446832

1.795107983232223416

8.975539916161117081

4.487769958080558540

2.243884979040279270

1.121942489520139635

5.609712447600698175

2.804856223800349087

1.402428111900174543

7.012140559500872719

3.506070279750436359

1.753035139875218179

8.765175699376090899

4.382587849688045449

2.191293924844022724

1.095646962422011362

5.478234812110056812

2.739117406055028406

1.369558703027514203

6.847793515137571015

3.423896757568785507

1.711948378784392753

8.559741893921963769

4.279870946960981884

2.139935473480490942

1.069967736740245471

5.349838683701227355

2.674919341850613677

1.337459670925306838

6.687298354626534194

3.343649177313267097

1.671824588656633548

8.359122943283167743

4.179561471641583871

2.089780735820791935

1.044890367910395967

5.224451839551979839

2.612225919775989919

1.306112959887994959

6.530564799439974799

3.265282399719987399

1.632641199859993699

8.163205999299968499

4.081602999649984249

2.040801499824992124

1.020400749912496062

5.102003749562480312

2.551001874781240156

1.275500937390620078

6.377504686953100390

3.188752343476550195

1.594376171738275097

7.971880858691375487

3.985940429345687743

1.992970214672843871

9.964851073364219359

4.982425536682109679

2.491212768341054839

1.245606384170527419

6.228031920852637099

3.114015960426318549

1.557007980213159274

7.785039901065796374

3.892519950532898187

1.946259975266449093

9.731299876332245468

4.865649938166122734

2.432824969083061367

1.216412484541530683

6.082062422707653417

3.041031211353826708

1.520515605676913354

7.602578028384566772

3.801289014192283386

1.900644507096141693

9.503222535480708465

4.751611267740354232

2.375805633870177116

1.187902816935088558

5.939514084675442790

2.969757042337721395

1.484878521168860697

7.424392605844303488

3.712196302922151744

1.856098151461075872

9.280490757305379360

4.640245378652689680

2.320122689326344840

1.160061344663172420

5.800306723315862100

2.900153361657931050

1.450076680828965525

7.250383404144827625

3.625191702072413812

1.812595851036206906

9.062979255181034531

4.531489627590517265

2.265744813795258632

1.132872406897629316

5.664362034488146582

2.832181017244073291

1.416090508622036645

7.080452543110183227

3.540226271555091613

1.770113135777545806

8.850565678887729034

4.425282839443864517

2.212641419721932258

1.106320709860966129

5.531603549304830646

2.765801774652415323

1.382900887326207661

6.914504436631038308

3.457252218315519154

1.728626109157759577

8.643130545788797885

4.321565272894398942

2.160782636447199471

1.080391318223599735

5.401956591117998678

2.700978295558999339

1.350489147779499669

6.752445738897498348

3.376222869448749174

1.688111434724374587

8.440557173621872935

4.220278586810936467

2.110139293405468233

1.055069646702734116

5.275348233513670584

2.637674116756835292

1.318837058378417646

6.594185291892088230

3.297092645946044115

1.648546322973022057

8.242731614865110288

4.121365807432555144

2.060682903716277572

1.030341451858138786

5.151707259290693930

2.575853629645346965

1.287926814822673482

6.439634074113367412

3.219817037056683706

1.609908518528341853

8.049542592641709265

4.024771296320854632

2.012385648160427316

1.006192824080213658

5.030964120401068291

2.515482060200534145

1.257741030100267072

6.288705150501335363

3.144352575250667681

1.572176287625333840

7.860881438126669204

3.930440719063334602

1.965220359531667301

9.826101797658336506

4.913050898829168253

2.456525449414584126

1.228262724707292063

6.141313623536460316

3.070656811768230158

1.535328405884115079

7.676642029420575395

3.838321014710287697

1.919160507355143848

9.595802536775719244

4.797901268387859622

2.398950634193929811

1.199475317096964905

5.997376585484824527

2.998688292742412263

1.499344146371206131

7.496720731856030659

3.748360365928015329

1.874180182964007664

9.370900914820038324

4.685450457410019162

2.342725228705009581

1.171362614352504790

5.856813071762523952

2.928406535881261976

1.464203267940630988

7.321016339703154940

3.660508169851577470

1.830254084925788735

9.151270424628943676

4.575635212314471838

2.287817606157235919

1.143908803078617959

5.719544015393089797

2.859772007696544898

1.429886003848272449

7.149430019241362247

3.574715009620681123

1.787357504810340561

8.936787524051702808

4.468393762025851404

2.234196881012925702

1.117098440506462851

5.585492202532314255

2.792746101266157127

1.396373050633078563

6.981865253165392819

3.490932626582696409

1.745466313291348204

8.727331566456741024

4.363665783228370512

2.181832891614185256

1.090916445807092628

5.454582229035463140

2.727291114517731570

1.363645557258865785

6.818227786294328925

3.409113893147164462

1.704556946573582231

8.522784732867911156

4.261392366433955578

2.130696183216977789

1.065348091608488894

5.326740458042444472

2.663370229021222236

1.331685114510611118

6.658425572553055591

3.329212786276527795

1.664606393138263897

8.323031965691319488

4.161515982845659744

2.080757991422829872

1.040378995711414936

5.201894978557074680

2.600947489278537340

1.300473744639268670

6.502368723196343350

3.251184361598171675

1.625592180799085837

8.127960903995429188

4.063980451997714594

2.031990225998857297

1.015995112999428648

5.079975564997143242

2.539987782498571621

1.269993891249285810

6.349969456246429053

3.174984728123214526

1.587492364061607263

7.937461820308036316

3.968730910154018158

1.984365455077009079

9.921827275385045395

4.960913637692522697

2.480456818846261348

1.240228409423130674

6.201142047115653372

3.100571023557826686

1.550285511778913343

7.751427558894566715

3.875713779447283357

1.937856889723641678

9.689284448618208394

4.844642224309104197

2.422321112154552098

1.211160556077276049

6.055802780386380246

3.027901390193190123

1.513950695096595061

7.569753475482975308

3.784876737741487654

1.892438368870743827

9.462191844353719135

4.731095922176859567

2.365547961088429783

1.182773980544214891

5.913869902721074459

2.956934951360537229

1.478467475680268614

7.392337378401343074

3.696168689200671537

1.848084344600335768

9.240421723001678842

4.620210861500839421

2.310105430750419710

1.155052715375209855

5.775263576876049276

2.887631788438024638

1.443815894219012319

7.219079471095061595

3.609539735547530797

1.804769867773765398

9.023849338868826994

4.511924669434413497

2.255962334717206748

1.127981167358603374

5.639905836793016871

2.819952918396508435

1.409976459198254217

7.049882295991271089

3.524941147995635544

1.762470573997817772

8.812352869989088862

4.406176434994544431

2.203088217497272215

1.101544108748636107

5.507720543743180538

2.753860271871590269

1.376930135935795134

6.884650679678975673

3.442325339839487836

1.721162669919743918

8.605813349598719592

4.302906674799359796

2.151453337399679898

1.075726668699839949

5.378633343499199745

2.689316671749599872

1.344658335874799936

6.723291679373999681

3.361645839686999840

1.680822919843499920

8.404114599217499601

4.202057299608749800

2.101028649804374900

1.050514324902187450

5.252571624510937251

2.626285812255468625

1.313142906127734312

6.565714530638671563

3.282857265319335781

1.641428632659667890

8.207143163298339454

4.103571581649169727

2.051785790824584863

1.025892895412292431

5.129464477061462159

2.564732238530731079

1.282366119265365539

6.411830596326827699

3.205915298163413849

1.602957649081706924

8.014788245408534623

4.007394122704267311

2.003697061352133655

1.001848530676066827

5.009242653380334139

2.504621326690167069

1.252310663345083534

6.261553316725417674

3.130776658362708837

1.565388329181354418

7.826941645906772093

3.913470822953386046

1.956735411476693023

9.783677057383465116

4.891838528691732558

2.445919264345866279

1.222959632172933139

6.114798160864665698

3.057399080432332849

1.528699540216166424

7.643497701080832122

3.821748850540416061

1.910874425270208030

9.554372126351040153

4.777186063175520076

2.388593031587760038

1.194296515793880019

5.971482578969400095

2.985741289484700047

1.492870644742350023

7.464353223711750119

3.732176611855875059

1.866088305927937529

9.330441529639687649

4.665220764819843824

2.332610382409921912

1.166305191204960956

5.831525956024804781

2.915762978012402390

1.457881489006201195

7.289407445031005976

3.644703722515502988

1.822351861257751494

9.111759306288757470

4.555879653144378735

2.277939826572189367

1.138969913286094683

5.694849566430473418

2.847424783215236709

1.423712391607618354

7.118561958038091773

3.559280979019045886

1.779640489509522943

8.898202447547614717

4.449101223773807358

2.224550611886903679

1.112275305943451839

5.561376529717259198

2.780688264858629599

1.390344132429314799

6.951720662146573997

3.475860331073286998

1.737930165536643499

8.689650827683217497

4.344825413841608748

2.172412706920804374

1.086206353460402187

5.431031767302010935

2.715515883651005467

1.357757941825502733

6.788789709127513669

3.394394854563756834

1.697197427281878417

8.485987136409392087

4.242993568204696043

2.121496784102348021

1.060748392051174010

5.303741960255870054

2.651870980127935027

1.325935490063967513

6.629677450319837568

3.314838725159918784

1.657419362579959392

8.287096812899796960

4.143548406449898480

2.071774203224949240

1.035887101612474620

5.179435508062373100

2.589717754031186550

1.294858877015593275

6.474294385077966375

3.237147192538983187

1.618573596269491593

8.092867981347457968

4.046433990673728984

2.023216995336864492

1.011608497668432246

5.058042488342161230

2.529021244171080615

1.264510622085540307

6.322553110427701538

3.161276555213850769

1.580638277606925384

7.903191388034626922

3.951595694017313461

1.975797847008656730

9.878989235043283653

4.939494617521641826

2.469747308760820913

1.234873654380410456

6.174368271902052283

3.087184135951026141

1.543592067975513070

7.717960339877565354

3.858980169938782677

1.929490084969391338

9.647450424846956692

4.823725212423478346

2.411862606211739173

1.205931303105869586

6.029656515529347932

3.014828257764673966

1.507414128882336983

7.537070644411684916

3.768535322205842458

1.884267661102921229

9.421338305514606145

4.710669152757303072

2.355334576378651536

1.177667288189325768

5.888336440946628840

2.944168220473314420

1.472084110236657210

7.360420551183286050

3.680210275591643025

1.840105137795821512

9.200525688979107563

4.600262844489553781

2.300131422244776890

1.150065711122388445

5.750328555611942227

2.875164277805971113

1.437582138902985556

7.187910694514927784

3.593955347257463892

1.796977673628731946

8.984888368143659730

4.492444184071829865

2.246222092035914932

1.123111046017957466

5.615555230089787331

2.807777615044893665

1.403888807522446832

7.019444037612234164

3.509722018806117082

1.754861009403058541

8.774305047015292705

4.387152523507646352

2.193576261753823176

1.096788130876911588

5.483940654384557940

2.741970327192278970

1.370985163596139485

6.854925817980697425

3.427462908990348712

1.713731454495174356

8.568657272475871782

4.284328636237935891

2.142164318118967945

1.071082159059483972

5.355410795297419864

2.677705397648709932

1.338852698824354966

6.694263494121774830

3.347131747060887415

1.673565873530443707

8.367829367652218537

4.183914683826109268

2.091957341913054634

1.045978670956527317

5.229893354782636585

2.614946677391318292

1.307473338695659146

6.537366693478295732

3.268683346739147866

1.634341673369573933

8.171708366847869665

4.085854183423934832

2.042927091711967416

1.021463545855983708

5.107317729279918540

2.553658864639959270

1.276829432319979635

6.384147161599898176

3.192073580799949088

1.596036790399974544

7.980183951999872720

3.990091975999936360

1.995045987999968180

9.975229939999840900

4.987614969999920450

2.493807484999960225

1.246903742499980112

6.234518712499900562

3.117259356249950281

1.558629678124975140

7.793148390624875703

3.896574195312437851

1.948287097656218925

9.741435488281094629

4.870717744140547314

2.435358872070273657

1.217679436035136828

6.088397180175684143

3.044198590087842071

1.522099295043921035

7.610496475219605179

3.805248237609802589

1.902624118804901294

9.513120594024506473

4.756560297012253236

2.378280148506126618

1.189140074253063309

5.945700371265316546

2.972850185632658273

1.486425092816329136

7.432125464081645682

3.716062732040822841

1.858031366020411420

9.290156830102057103

4.645078415051028551

2.322539207525514275

1.161269603762757137

5.806348018813785689

2.903174009406892844

1.451587004703446422

7.257935023517232112

3.628967511758616056

1.814483755879308028

9.072418779396540140

4.536209389698270070

2.268104694849135035

1.134052347424567517

5.670261737122837587

2.835130868561418793

1.417565434280709396

7.087827171403546984

3.543913585701773492

1.771956792850886746

8.859783964254433730

4.429891982127216865

2.214945991063608432

1.107472995531804216

5.537364977659021081

2.768682488829510540

1.384341244414755270

6.921706222073776351

3.460853111036888175

1.730426555518444087

8.652132777592220439

4.326066388796110219

2.163033194398055109

1.081516597199027554

5.407582985995137774

2.703791492997568887

1.351895746498784443

6.759478732493922218

3.379739366246961109

1.689869683123480554

8.449348415617402773

4.224674207808701386

2.112337103904350693

1.056168551952175346

5.280842759760876733

2.640421379880438366

1.320210689940219183

6.601053449701095916

3.300526724850547958

1.650263362425273979

8.251316812126369895

4.125658406063184947

2.062829203031592473

1.031414601515796236

5.157073007578981184

2.578536503789490592

1.289268251894745296

6.446341259473726481

3.223170629736863240

1.611585314868431620

8.057926574342158101

4.028963287171079050

2.014481643585539525

1.007240821792769762

5.036204108963848813

2.518102054481924406

1.259051027240962203

6.295255136204811016

3.147627568102405508

1.573813784051202754

7.869068920256013770

3.934534460128006885

1.967267230064003442

9.836336150320017213

4.918168075160008606

2.459084037580004303

1.229542018790002151

6.147710093950010758

3.073855046975005379

1.536927523487502689

7.684637617437513448

3.842318808718756724

1.921159404359378362

9.605797021796891810

4.802898510898445905

2.401449255449222952

1.200724627724611476

6.003623138623057381

3.001811569311528690

1.500905784655764345

7.504528923278821726

3.752264461639410863

1.876132230819705431

9.380661154098527158

4.690330577049263579

2.345165288524631789

1.172582644262315894

5.862913221311579474

2.931456610655789737

1.465728305327894868

7.328641526639474342

3.664320763319737171

1.832160381659868585

9.160801908299342928

4.580400954149671464

2.290200477074835732

1.145100238537417866

5.725501192687089330

2.862750596343544665

1.431375298171772332

7.156876490858861662

3.578438245429430831

1.789219122714715415

8.946095613573577078

4.473047806786788539

2.236523903393394269

1.118261951696697134

5.591309758483485673

2.795654879241742836

1.397827439620871418

6.989137198104357092

3.494568599052178546

1.747284299526089273

8.736421497630446365

4.368210748815223182

2.184105374407611591

1.092052687203805795

5.460263436019028978

2.730131718009514489

1.365065859004757244

6.825329295023786223

3.412664647511893111

1.706332323755946555

8.531661618779732778

4.265830809389866389

2.132915404694933194

1.066457702347466597

5.332288511737332986

2.666144255868666493

1.333072127934333246

6.665360639671666233

3.332680319835833116

1.666340159917916558

8.331700799589582791

4.165850399794791395

2.082925199897395697

1.041462599948697848

5.207312999743489244

2.603656499871744622

1.301828249935872311

6.509141249679361556

3.254570624839680778

1.627285312419840389

8.136426562099201945

4.068213281049600972

2.034106640524800486

1.017053320262400243

5.085266601312001215

2.542633300656000607

1.271316650328000303

6.356583251640001519

3.178291625820000759

1.589145812910000379

7.945729064550001899

3.972864532275000949

1.986432266137500474

9.932161330687502374

4.966080665343751187

2.483040332671875593

1.241520166335937796

6.207600831679688984

3.103800415839844492

1.551900207919922246

7.759501039599611230

3.879750519799805615

1.939875259899902807

9.699376299499514037

4.849688149749757018

2.424844074874878509

1.212422037437439254

6.062110187187196273

3.031055093593598136

1.515527546796799068

7.577637733983995341

3.788818866991997670

1.894409433495998835

9.472047167479994177

4.736023583739997088

2.368011791869998544

1.184005895934999272

5.920029479674996360

2.960014739837498180

1.480007369918749090

7.400036849593745451

3.700018424796872725

1.850009212398436362

9.250046061992181813

4.625023030996090906

2.312511515498045453

1.156255757749022726

5.781278788745113633

2.890639394372556816

1.445319697186278408

7.226598485931392042

3.613299242965696021

1.806649621482848010

9.033248107414240052

4.516624053707120026

2.258312026853560013

1.129156013426780006

5.645780067133900032

2.822890033566950016

1.411445016783475008

7.057225083917375041

3.528612541958687520

1.764306270979343760

8.821531354896718801

4.410765677448359400

2.205382838724179700

1.102691419362089850

5.513457096810449250

2.756728548405224625

1.378364274202612312

6.891821371013061563

3.445910685506530781

1.722955342753265390

8.614776713766326954

4.307388356883163477

2.153694178441581738

1.076847089220790869

5.384235446103954346

2.692117723051977173

1.346058861525988586

6.730294307629942933

3.365147153814971466

1.682573576907485733

8.412867884537428666

4.206433942268714333

2.103216971134357166

1.051608485567178583

5.258042427835892916

2.629021213917946458

1.314510606958973229

6.572553034794866145

3.286276517397433072

1.643138258698716536

8.215691293493582682

4.107845646746791341

2.053922823373395670

1.026961411686697835

5.134807058433489176

2.567403529216744588

1.283701764608372294

6.418508823041861470

3.209254411520930735

1.604627205760465367

8.023136028802326837

4.011568014401163418

2.005784007200581709

1.002892003600290854

5.014460018001454273

2.507230009000727136

1.253615004500363568

6.268075022501817842

3.134037511250908921

1.567018755625454460

7.835093778127272302

3.917546889063636151

1.958773444531818075

9.793867222659090378

4.896933611329545189

2.448466805664772594

1.224233402832386297

6.121167014161931486

3.060583507080965743

1.530291753540482871

7.651458767702414358

3.825729383851207179

1.912864691925603589

9.564323459628017947

4.782161729814008973

2.391080864907004486

1.195540432453502243

5.977702162267511217

2.988851081133755608

1.494425540566877804

7.472127702834389021

3.736063851417194510

1.868031925708597255

9.340159628542986276

